=================================================================================
Day 1:
68292
203203
=================================================================================
Day 2:
12794
14979
=================================================================================
Day 3:
7428
2650
=================================================================================
Day 4:
528
881
=================================================================================
Day 5:
['C', 'N', 'S', 'Z', 'F', 'D', 'V', 'L', 'J']
['Q', 'N', 'D', 'W', 'L', 'M', 'G', 'N', 'S']
=================================================================================
Day 6:
start of packet: 1343
start of message: 2193
=================================================================================
Day 7:
sum: 2031851
directory size: 2568781
=================================================================================
Day 8:
1825
235200
=================================================================================
Day 9:
5735
2478
=================================================================================
Day 10:
12980
###..###....##.#....####.#..#.#....###..
#..#.#..#....#.#....#....#..#.#....#..#.
###..#..#....#.#....###..#..#.#....#..#.
#..#.###.....#.#....#....#..#.#....###..
#..#.#.#..#..#.#....#....#..#.#....#....
###..#..#..##..####.#.....##..####.#....
=================================================================================
Day 11:
66802
21800916620
=================================================================================
Day 12:
383
377
=================================================================================
Day 13:
6656
19716
=================================================================================
Day 14:
24
................+.............
..............................
................o.............
...............ooo............
..............#ooo##..........
.............o#ooo#...........
............###ooo#...........
..............oooo#...........
...........o.ooooo#...........
..........#########...........
..............................
..............................

93
................o.............
...............ooo............
..............ooooo...........
.............ooooooo..........
............oo#ooo##o.........
...........ooo#ooo#ooo........
..........oo###ooo#oooo.......
.........oooo.oooo#ooooo......
........oooooooooo#oooooo.....
.......ooo#########ooooooo....
......ooooo.......ooooooooo...
..............................

=================================================================================
Day 16:
cumulative flows:
        AA   AH   AJ   BP   BS   DI   EC   EM   FE   GB   GD   GH   GN   HD   IC   IR   JD   JF   JL   KC   KE   KO   KV   KZ   LE   LH   LN   NS   NV   NY   OH   OM   PJ   PW   RI   RO   SA   SC   SO   SP   TI   TN   TU   TW   TX   UL   UV   VG   VK   VR   VY   XH   ZP   ZR
  1:     0   -1   -1   -1   -1   -1   -1   -1   -1    0   -1   -1   -1   -1   -1   -1   -1   -1   -1   -1   -1   -1   -1   -1   -1   -1   -1    0   -1   -1   -1   -1   -1   -1   -1   -1   -1   -1   -1   -1    0   -1   -1    0   -1    0   -1   -1   -1   -1   -1   -1   -1   -1
  2:     0   -1    0   -1   -1   -1    0   -1   -1    0   -1   -1   -1   -1   -1   -1   -1   -1   -1   -1   -1   -1   -1   -1   -1   -1   -1    0   -1   -1   -1   -1   -1    0   -1   -1   -1   -1   -1   -1    0   -1    0    0   -1    0   -1   -1   -1   -1   -1    0   -1   -1
  3:     0   -1  162   -1   -1   -1    0    0   -1    0    0   -1    0   -1    0   -1    0   -1   -1   -1   -1   -1   -1   -1   -1   -1   -1    0   -1   -1    0    0   -1  243    0   -1   -1   -1   -1   -1    0   -1    0    0   -1    0   -1   -1   -1   -1    0    0   -1    0
  4:     0   -1  162   -1    0   -1    0  162   -1    0  243    0  243   -1  243   -1  390   -1    0   -1    0   -1   -1   -1   -1    0    0  162    0    0  162  182   -1  243   78   -1   -1   -1   -1   -1  243   -1    0    0    0    0   -1   -1   -1   -1  243    0   -1  162
  5:   243   -1  243   -1  390   -1  182  162   -1    0  243  182  243   -1  243    0  390   -1  525   -1  182   -1   -1   -1   -1  182  162  162  390  162  162  182   -1  243   78   -1   -1   -1   -1   -1  243    0  390    0  243    0    0   -1   -1    0  243   78   -1  182
  6:   243   -1  387    0  390   -1  182  243   -1  243  243  182  525   -1  243  240  390    0  525   -1  182   -1    0   -1   -1  182  162  243  390  162  243  182   -1  243  390    0   -1   -1   -1   -1  243  525  390  390  243  243  182   -1   -1  264  390   78   -1  243
  7:   390   -1  387  264  390   -1  243  387   -1  243  243  182  525   -1  387  525  390  240  525    0  390   -1  264   -1   -1  264  390  387  390  243  387  243   -1  525  459  437    0   -1   -1    0  243  525  390  390  390  243  182   -1    0  264  390  390   -1  387
  8:   390   -1  387  437  390   -1  243  390   -1  390  525  243  525   -1  525  745  390  525  525  437  459   -1  264    0   -1  264  459  390  459  525  387  397    0  723  459  437  240   -1   -1  528  525  525  390  390  459  390  437    0  437  264  525  459   -1  387
  9:   525   -1  525  437  525   -1  397  459   -1  459  723  437  723   -1  723  745  459  745  525  528  459    0  528  437   -1  397  459  390  459  745  525  459  528  723  459  437  525   -1   -1  528  723  745  390  390  525  390  437  525  437  437  723  459   -1  397
 10:   723   -1  723  437  723   -1  459  525   -1  525  723  459  723   -1  723  745  525  745  745  528  459  437  528  797    0  459  459  525  459  745  745  599  528  723  525  528  745   -1   -1  528  723  745  459  525  723  525  437  525  437  657  723  459   -1  525
 11:   723   -1  837  657  723    0  599  723   -1  723  723  599  745   -1  723  745  810  745  745  528  599  797  657  797  437  657  525  723  525  745  745  599  797  723  723  889  745   -1   -1  528  723  745  525  723  723  723  528  745  797  657  723  525   -1  723
 12:   723    0  837  889  810  437  723  837   -1  723  723  599  745   -1  837  745  810  745  745  889  723  797  657  797  797  657  723  837  810  745  837  723  797  745  777  889  745   -1   -1  797  723  745  810  723  723  723  889 1195  889  657  723  723   -1  837
 13:   837  437  837  889  810  828  723  837   -1  723  745  889  745   -1  837  745  810  745  745  889  777  797  797  889  797  723  837  837  810  837  837  842  797  898  810  889 1195   -1   -1 1205  745  745  810  810  777  723  889 1195  889  889  810  777    0  837
 14:   837  828  837  889  810  828  842  837   -1  837  898  889  898   -1  898  837  810 1195  745 1205  842  889 1205 1177  828  889  837  837  810  837  837  889 1205  898  858  889 1195   -1    0 1205  898  745  810  837  810  837  889 1195  889 1065  898  810  437  842
 15:   898  828  898 1065  898  828  889  837    0  837  898  889  898   -1  898 1195  810 1195  898 1205  889 1177 1205 1205  889 1065  858  837  858  837  837  994 1205  898  858 1205 1195   -1  437 1205  898  837  837  837  898  842  889 1195 1177 1205  898  858  828  889
 16:   898  828  982 1205  898  889  994  898  437  898  898  994  898    0  898 1195  898 1195  898 1205  994 1205 1205 1205 1177 1205  858  898  858 1195  898 1065 1205  898  898 1205 1195   -1  828 1205  898 1195  837  898  898  898 1205 1195 1205 1359  898  858  828  994
 17:   898  889  994 1359  898 1188 1065  982  828  898  898 1205  898  437  982 1195 1093 1195 1195 1205 1065 1205 1359 1205 1205 1359  898  982  898 1195 1195 1205 1205  898  994 1205 1195    0 1114 1205  898 1195  898  898  898  994 1205 1195 1205 1359  898  898  828 1065
 18:   994 1188 1195 1359 1093 1205 1205  994 1114  898  898 1205 1195  828  994 1195 1093 1195 1195 1205 1205 1205 1359 1205 1205 1359  994  994 1093 1195 1195 1359 1205  982 1065 1359 1195  437 1114 1359  898 1195 1093  898  994 1065 1205 1195 1205 1359  898  994 1114 1205
 19:  1065 1205 1261 1359 1093 1458 1359 1195 1114  994  994 1359 1195 1114 1195 1195 1093 1195 1195 1359 1359 1205 1359 1205 1205 1359 1065 1195 1093 1195 1195 1436 1359 1195 1205 1359 1195  828 1114 1359  994 1195 1093 1093 1065 1205 1359 1195 1359 1359 1093 1065 1188 1359
 20:  1205 1458 1359 1359 1093 1458 1436 1261 1114 1065 1195 1436 1195 1114 1261 1195 1093 1195 1195 1359 1436 1205 1359 1359 1458 1436 1205 1261 1205 1195 1261 1436 1359 1285 1359 1359 1195 1114 1188 1359 1195 1195 1093 1093 1205 1359 1359 1195 1359 1359 1195 1205 1205 1436
 21:  1359 1458 1436 1359 1195 1458 1436 1359 1188 1205 1285 1436 1285 1114 1359 1195 1205 1195 1195 1359 1436 1458 1359 1359 1458 1436 1359 1359 1359 1261 1359 1436 1359 1285 1436 1359 1195 1240 1386 1359 1285 1195 1093 1205 1359 1436 1436 1195 1359 1436 1285 1359 1458 1436
 22:  1436 1458 1484 1436 1285 1458 1436 1436 1386 1359 1359 1436 1285 1240 1436 1261 1359 1195 1285 1359 1436 1458 1436 1458 1458 1436 1436 1436 1436 1359 1436 1436 1359 1359 1460 1436 1195 1240 1458 1359 1359 1195 1205 1359 1436 1436 1436 1195 1359 1436 1285 1436 1458 1436
 23:  1436 1458 1484 1436 1359 1458 1436 1484 1458 1436 1436 1436 1359 1386 1484 1359 1464 1261 1285 1436 1460 1458 1436 1458 1458 1436 1460 1484 1460 1436 1484 1436 1458 1436 1460 1436 1195 1240 1612 1436 1436 1285 1359 1436 1460 1436 1436 1195 1458 1436 1359 1460 1458 1484
 24:  1484 1458 1484 1436 1464 1458 1436 1484 1612 1460 1460 1436 1436 1458 1484 1436 1464 1359 1359 1436 1460 1458 1436 1458 1458 1436 1484 1484 1464 1484 1484 1484 1458 1490 1460 1458 1261 1386 1612 1458 1436 1359 1464 1436 1460 1436 1436 1195 1458 1436 1436 1460 1612 1484
 25:  1484 1612 1484 1458 1464 1458 1484 1484 1612 1484 1490 1484 1490 1612 1490 1486 1464 1436 1464 1458 1484 1458 1458 1458 1458 1484 1484 1484 1464 1484 1484 1484 1458 1490 1484 1458 1359 1458 1612 1458 1490 1436 1464 1484 1460 1484 1458 1261 1458 1436 1490 1460 1612 1484
 26:  1490 1612 1490 1458 1490 1612 1484 1484 1612 1484 1490 1484 1490 1612 1490 1486 1464 1486 1490 1458 1484 1458 1458 1458 1458 1484 1484 1484 1484 1486 1484 1484 1458 1490 1496 1458 1436 1612 1612 1458 1490 1486 1484 1484 1490 1484 1484 1359 1458 1484 1490 1484 1612 1484
 27:  1490 1612 1508 1484 1490 1612 1484 1490 1612 1490 1490 1484 1490 1612 1490 1486 1490 1486 1553 1458 1496 1458 1484 1458 1612 1484 1496 1490 1496 1486 1490 1484 1458 1490 1496 1484 1486 1654 1612 1458 1490 1490 1484 1490 1496 1490 1484 1436 1458 1484 1490 1496 1612 1490
 28:  1490 1612 1508 1484 1490 1612 1490 1508 1612 1496 1496 1484 1553 1654 1508 1490 1520 1486 1553 1484 1496 1612 1484 1458 1612 1484 1496 1508 1496 1490 1508 1496 1458 1490 1496 1484 1486 1654 1612 1484 1490 1553 1490 1490 1496 1490 1484 1486 1484 1484 1490 1496 1612 1508
 29:  1508 1612 1508 1484 1520 1612 1496 1508 1654 1496 1496 1496 1553 1654 1508 1553 1520 1490 1553 1484 1496 1612 1484 1612 1612 1496 1508 1508 1520 1508 1508 1508 1484 1553 1496 1484 1486 1654 1612 1484 1490 1553 1520 1490 1496 1490 1484 1486 1484 1484 1490 1496 1612 1508
 30:  1508 1612 1508 1484 1520 1612 1508 1508 1654 1508 1553 1508 1553 1654 1553 1553 1520 1553 1553 1484 1508 1612 1484 1612 1612 1508 1508 1508 1520 1553 1508 1508 1612 1553 1520 1484 1490 1654 1654 1484 1553 1553 1520 1520 1496 1508 1496 1486 1612 1496 1553 1496 1612 1508
flows over time:
        AA   AH   AJ   BP   BS   DI   EC   EM   FE   GB   GD   GH   GN   HD   IC   IR   JD   JF   JL   KC   KE   KO   KV   KZ   LE   LH   LN   NS   NV   NY   OH   OM   PJ   PW   RI   RO   SA   SC   SO   SP   TI   TN   TU   TW   TX   UL   UV   VG   VK   VR   VY   XH   ZP   ZR
  1:     0    0  174    0    0  667    0    0    0    0    0    0    0    0    0  290  435    0  609    0    0    0    0  522    0    0    0    0    0    0    0  203    0  261   87  551    0  406  638  696    0    0    0    0    0    0    0  725    0  319    0    0    0    0
  2:     0    0  168    0    0  644    0    0    0    0    0    0    0    0    0  280  420    0  588    0    0    0    0  504    0    0    0    0    0    0    0  196    0  252   84  532    0  392  616  672    0    0    0    0    0    0    0  700    0  308    0    0    0    0
  3:     0    0  162    0    0  621    0    0    0    0    0    0    0    0    0  270  405    0  567    0    0    0    0  486    0    0    0    0    0    0    0  189    0  243   81  513    0  378  594  648    0    0    0    0    0    0    0  675    0  297    0    0    0    0
  4:     0    0  156    0    0  598    0    0    0    0    0    0    0    0    0  260  390    0  546    0    0    0    0  468    0    0    0    0    0    0    0  182    0  234   78  494    0  364  572  624    0    0    0    0    0    0    0  650    0  286    0    0    0    0
  5:     0    0  150    0    0  575    0    0    0    0    0    0    0    0    0  250  375    0  525    0    0    0    0  450    0    0    0    0    0    0    0  175    0  225   75  475    0  350  550  600    0    0    0    0    0    0    0  625    0  275    0    0    0    0
  6:     0    0  144    0    0  552    0    0    0    0    0    0    0    0    0  240  360    0  504    0    0    0    0  432    0    0    0    0    0    0    0  168    0  216   72  456    0  336  528  576    0    0    0    0    0    0    0  600    0  264    0    0    0    0
  7:     0    0  138    0    0  529    0    0    0    0    0    0    0    0    0  230  345    0  483    0    0    0    0  414    0    0    0    0    0    0    0  161    0  207   69  437    0  322  506  552    0    0    0    0    0    0    0  575    0  253    0    0    0    0
  8:     0    0  132    0    0  506    0    0    0    0    0    0    0    0    0  220  330    0  462    0    0    0    0  396    0    0    0    0    0    0    0  154    0  198   66  418    0  308  484  528    0    0    0    0    0    0    0  550    0  242    0    0    0    0
  9:     0    0  126    0    0  483    0    0    0    0    0    0    0    0    0  210  315    0  441    0    0    0    0  378    0    0    0    0    0    0    0  147    0  189   63  399    0  294  462  504    0    0    0    0    0    0    0  525    0  231    0    0    0    0
 10:     0    0  120    0    0  460    0    0    0    0    0    0    0    0    0  200  300    0  420    0    0    0    0  360    0    0    0    0    0    0    0  140    0  180   60  380    0  280  440  480    0    0    0    0    0    0    0  500    0  220    0    0    0    0
 11:     0    0  114    0    0  437    0    0    0    0    0    0    0    0    0  190  285    0  399    0    0    0    0  342    0    0    0    0    0    0    0  133    0  171   57  361    0  266  418  456    0    0    0    0    0    0    0  475    0  209    0    0    0    0
 12:     0    0  108    0    0  414    0    0    0    0    0    0    0    0    0  180  270    0  378    0    0    0    0  324    0    0    0    0    0    0    0  126    0  162   54  342    0  252  396  432    0    0    0    0    0    0    0  450    0  198    0    0    0    0
 13:     0    0  102    0    0  391    0    0    0    0    0    0    0    0    0  170  255    0  357    0    0    0    0  306    0    0    0    0    0    0    0  119    0  153   51  323    0  238  374  408    0    0    0    0    0    0    0  425    0  187    0    0    0    0
 14:     0    0   96    0    0  368    0    0    0    0    0    0    0    0    0  160  240    0  336    0    0    0    0  288    0    0    0    0    0    0    0  112    0  144   48  304    0  224  352  384    0    0    0    0    0    0    0  400    0  176    0    0    0    0
 15:     0    0   90    0    0  345    0    0    0    0    0    0    0    0    0  150  225    0  315    0    0    0    0  270    0    0    0    0    0    0    0  105    0  135   45  285    0  210  330  360    0    0    0    0    0    0    0  375    0  165    0    0    0    0
 16:     0    0   84    0    0  322    0    0    0    0    0    0    0    0    0  140  210    0  294    0    0    0    0  252    0    0    0    0    0    0    0   98    0  126   42  266    0  196  308  336    0    0    0    0    0    0    0  350    0  154    0    0    0    0
 17:     0    0   78    0    0  299    0    0    0    0    0    0    0    0    0  130  195    0  273    0    0    0    0  234    0    0    0    0    0    0    0   91    0  117   39  247    0  182  286  312    0    0    0    0    0    0    0  325    0  143    0    0    0    0
 18:     0    0   72    0    0  276    0    0    0    0    0    0    0    0    0  120  180    0  252    0    0    0    0  216    0    0    0    0    0    0    0   84    0  108   36  228    0  168  264  288    0    0    0    0    0    0    0  300    0  132    0    0    0    0
 19:     0    0   66    0    0  253    0    0    0    0    0    0    0    0    0  110  165    0  231    0    0    0    0  198    0    0    0    0    0    0    0   77    0   99   33  209    0  154  242  264    0    0    0    0    0    0    0  275    0  121    0    0    0    0
 20:     0    0   60    0    0  230    0    0    0    0    0    0    0    0    0  100  150    0  210    0    0    0    0  180    0    0    0    0    0    0    0   70    0   90   30  190    0  140  220  240    0    0    0    0    0    0    0  250    0  110    0    0    0    0
 21:     0    0   54    0    0  207    0    0    0    0    0    0    0    0    0   90  135    0  189    0    0    0    0  162    0    0    0    0    0    0    0   63    0   81   27  171    0  126  198  216    0    0    0    0    0    0    0  225    0   99    0    0    0    0
 22:     0    0   48    0    0  184    0    0    0    0    0    0    0    0    0   80  120    0  168    0    0    0    0  144    0    0    0    0    0    0    0   56    0   72   24  152    0  112  176  192    0    0    0    0    0    0    0  200    0   88    0    0    0    0
 23:     0    0   42    0    0  161    0    0    0    0    0    0    0    0    0   70  105    0  147    0    0    0    0  126    0    0    0    0    0    0    0   49    0   63   21  133    0   98  154  168    0    0    0    0    0    0    0  175    0   77    0    0    0    0
 24:     0    0   36    0    0  138    0    0    0    0    0    0    0    0    0   60   90    0  126    0    0    0    0  108    0    0    0    0    0    0    0   42    0   54   18  114    0   84  132  144    0    0    0    0    0    0    0  150    0   66    0    0    0    0
 25:     0    0   30    0    0  115    0    0    0    0    0    0    0    0    0   50   75    0  105    0    0    0    0   90    0    0    0    0    0    0    0   35    0   45   15   95    0   70  110  120    0    0    0    0    0    0    0  125    0   55    0    0    0    0
 26:     0    0   24    0    0   92    0    0    0    0    0    0    0    0    0   40   60    0   84    0    0    0    0   72    0    0    0    0    0    0    0   28    0   36   12   76    0   56   88   96    0    0    0    0    0    0    0  100    0   44    0    0    0    0
 27:     0    0   18    0    0   69    0    0    0    0    0    0    0    0    0   30   45    0   63    0    0    0    0   54    0    0    0    0    0    0    0   21    0   27    9   57    0   42   66   72    0    0    0    0    0    0    0   75    0   33    0    0    0    0
 28:     0    0   12    0    0   46    0    0    0    0    0    0    0    0    0   20   30    0   42    0    0    0    0   36    0    0    0    0    0    0    0   14    0   18    6   38    0   28   44   48    0    0    0    0    0    0    0   50    0   22    0    0    0    0
 29:     0    0    6    0    0   23    0    0    0    0    0    0    0    0    0   10   15    0   21    0    0    0    0   18    0    0    0    0    0    0    0    7    0    9    3   19    0   14   22   24    0    0    0    0    0    0    0   25    0   11    0    0    0    0
 30:     0    0    0    0    0    0    0    0    0    0    0    0    0    0    0    0    0    0    0    0    0    0    0    0    0    0    0    0    0    0    0    0    0    0    0    0    0    0    0    0    0    0    0    0    0    0    0    0    0    0    0    0    0    0
max flow: 1654
optimal path (len=30): UL -> EC -> OM -> GH -> UV -> RO -> RO -> VK -> KZ -> KZ -> PJ -> SP -> SP -> PJ -> KZ -> KO -> LE -> DI -> DI -> AH -> ZP -> SO -> SO -> FE -> HD -> SC -> SC -> HD -> FE -> SO
